graph unautomata
{
000 ->001(101), 002(102);
001 ->000(110), 002(112), 021(202);
002 ->000(120), 001(121), 012(201);
010 ->011(101), 012(102), 020(212);
011 ->010(110), 012(112), 211(302);
012 ->010(120), 011(121), 002(210);
020 ->021(101), 022(102), 010(221);
021 ->020(110), 022(112), 001(220);
022 ->020(120), 021(121), 122(301);
100 ->101(101), 102(102), 200(312);
101 ->100(110), 102(112), 121(202);
102 ->100(120), 101(121), 112(201);
110 ->111(101), 112(102), 120(212);
111 ->110(110), 112(112);
112 ->110(120), 111(121), 102(210);
120 ->121(101), 122(102), 110(221);
121 ->120(110), 122(112), 101(220);
122 ->120(120), 121(121), 022(310);
200 ->201(101), 202(102), 100(321);
201 ->200(110), 202(112), 221(202);
202 ->200(120), 201(121), 212(201);
210 ->211(101), 212(102), 220(212);
211 ->210(110), 212(112), 011(320);
212 ->210(120), 211(121), 202(210);
220 ->221(101), 222(102), 210(221);
221 ->220(110), 222(112), 201(220);
222 ->220(120), 221(121);	
}